3 0.276992 0.873094 0.0154844 0.0224706
3 0.962328 0.741424 0.015 0.0256706
3 0.265844 0.939612 0.0241875 0.0237882
3 0.348719 0.787271 0.016125 0.0227294
2 0.478937 0.538941 0.469187 0.194118
2 0.153891 0.876224 0.034125 0.0584706
1 0.397773 0.347282 0.00282812 0.00454118
3 0.122594 0.962353 0.021 0.0223529
3 0.15725 0.933953 0.01975 0.0256
3 0.212547 0.886906 0.0128125 0.0216235
3 0.197828 0.869247 0.0156563 0.0223529
3 0.310688 0.877788 0.0133125 0.0232
3 0.490477 0.476671 0.00735937 0.0144706
3 0.0875937 0.4588 0.0115625 0.0142588
3 0.349578 0.836129 0.0176875 0.0300941
3 0.669656 0.491847 0.0365938 0.0243059
2 0.523484 0.468882 0.0173437 0.0320706
3 0.459805 0.434224 0.00885937 0.0104235
3 0.718031 0.9306 0.0209688 0.0467059
2 0.155422 0.935353 0.0188437 0.0248235
