3 0.554898 0.468469 0.329391 0.101354
1 0.718219 0.802031 0.0359063 0.0885625
1 0.630547 0.836625 0.0384688 0.112125
1 0.696375 0.809823 0.0106563 0.0542292
1 0.688344 0.874729 0.0874687 0.0640417
3 0.891422 0.648594 0.115187 0.254896
3 0.885594 0.490448 0.153031 0.0897708
3 0.416 0.134375 0.111625 0.0905
3 0.909359 0.608073 0.112 0.167937
3 0.820719 0.90601 0.189906 0.183646
1 0.531563 0.186646 0.200906 0.13075
1 0.775672 0.610417 0.226375 0.236917
1 0.901391 0.805719 0.197219 0.297354
1 0.499047 0.502073 0.264688 0.179646
1 0.693187 0.847594 0.251938 0.289937
1 0.62275 0.399625 0.207313 0.143833
1 0.652055 0.308385 0.236328 0.134521
1 0.365664 0.186219 0.138109 0.0688958
1 0.637227 0.16401 0.145297 0.130979
3 0.325914 0.562802 0.0285156 0.0658125
3 0.467734 0.85 0.058875 0.0602083
3 0.283016 0.592469 0.0336562 0.0606042
1 0.743414 0.869427 0.0412031 0.0660208
1 0.659156 0.903385 0.0213125 0.0661458
1 0.5 0.543688 1 0.912625
1 0.395453 0.918188 0.132469 0.137667
3 0.749438 0.282969 0.068875 0.0604375
1 0.255195 0.225646 0.150203 0.0819583
1 0.144422 0.291271 0.183094 0.125417
1 0.0557422 0.380312 0.111484 0.153167
3 0.211406 0.736573 0.0625 0.0530208
1 0.621133 0.892375 0.0569219 0.0625
1 0.911609 0.801094 0.0190312 0.0313125
1 0.607164 0.838719 0.0490156 0.0567708
1 0.296297 0.792573 0.06525 0.0870208
1 0.675023 0.80176 0.0349844 0.0466458
1 0.694406 0.941417 0.03225 0.0220833
3 0.838328 0.280281 0.0306875 0.0193542
3 0.410172 0.699927 0.0381563 0.0427708
3 0.465234 0.639437 0.027375 0.069375
3 0.248742 0.561771 0.0256719 0.029
1 0.134875 0.489365 0.26975 0.191688
