2 0.384211 0.176424 0.101078 0.146778
1 0.58357 0.652942 0.831141 0.694116
3 0.741516 0.589574 0.289375 0.259356
2 0.551609 0.760468 0.162844 0.330374
3 0.608008 0.659958 0.132672 0.171143
2 0.37832 0.694688 0.196797 0.293451
2 0.502742 0.49973 0.201672 0.192349
2 0.0502734 0.394875 0.100547 0.170374
2 0.281094 0.19657 0.0687187 0.0341788
2 0.541289 0.108805 0.163828 0.217609
2 0.230813 0.0645634 0.051125 0.115863
3 0.542062 0.426798 0.734312 0.339501
0 0.711789 0.0551871 0.0355469 0.0743243
2 0.216469 0.257308 0.101562 0.102807
2 0.348836 0.344044 0.0824219 0.0754054
1 0.582313 0.222152 0.334781 0.0486694
2 0.185305 0.0493971 0.0445156 0.0925988
