1 0.615391 0.411156 0.0125312 0.0559792
1 0.590367 0.416885 0.0107344 0.0436042
1 0.58018 0.413521 0.0110156 0.057375
1 0.60432 0.416 0.0112656 0.0505
1 0.692109 0.61676 0.028625 0.0653542
1 0.745406 0.500187 0.151125 0.287583
1 0.731344 0.62699 0.0155 0.0761458
1 0.632141 0.354646 0.0146875 0.035625
1 0.591961 0.298708 0.0163906 0.0315833
1 0.639766 0.292698 0.0152812 0.0328125
1 0.65693 0.290938 0.0166406 0.035125
3 0.36675 0.926208 0.2365 0.147583
2 0.250586 0.425167 0.0200469 0.058875
2 0.232906 0.435479 0.0251563 0.076125
2 0.180586 0.443792 0.0223594 0.0695833
2 0.106906 0.447781 0.0307187 0.0783958
2 0.139813 0.448458 0.024125 0.0825
2 0.15907 0.447073 0.0184844 0.0769375
3 0.25 0.508854 0.0418437 0.0433333
3 0.197148 0.513687 0.0362969 0.0406667
3 0.291938 0.50151 0.0314688 0.0336042
3 0.322883 0.49299 0.0312344 0.0323125
1 0.834883 0.472427 0.0877344 0.0219375
3 0.631812 0.505479 0.08325 0.06325
1 0.465656 0.584354 0.0731563 0.0712917
2 0.127484 0.447563 0.0169375 0.0826667
2 0.198609 0.437896 0.0247812 0.079
2 0.21668 0.438781 0.0167969 0.0736875
3 0.266141 0.504708 0.0339375 0.04425
3 0.813328 0.301812 0.0240625 0.0445417
3 0.844102 0.305635 0.0237344 0.0285625
3 0.795687 0.314125 0.00978125 0.0170833
3 0.279133 0.44301 0.0277344 0.0392708
3 0.220984 0.507156 0.0239375 0.0421042
1 0.813344 0.445646 0.0455938 0.00975
1 0.833727 0.461135 0.0888906 0.00877083
1 0.836367 0.454271 0.0812969 0.0109167
1 0.835375 0.449427 0.0869062 0.0126458
1 0.577438 0.366531 0.020875 0.0188542
1 0.689609 0.972083 0.214281 0.0311667
